0
0.00
0.00
0
0
.00
0
0
0.00
0
0
0.00
0
0
0.00
0
0
0.00
0
0
0.00
0
0
0.00
0
0
0.00
0
0
0.00
0
0
0.00
0
0
0.00
0
0
0.00
0
0
0.00
0
0
0.00
0
0
0.00
0
0
0.00
0
0
0.00
0
0
0.00
0
0
0.00
0
0
0.00
0
0
0.00
0
0
0.00
0
0
0.00
0
0
0.00
0
0
0.00
0
0
0.00
0
0
0.00
0
0
0.00
0
0
0.00
0
0
0.00
0
0
0.00
0
0
0.00
0
0
0.00
0
0
0.00
0
0
0.00
0
0
0.00
0
0
0.00
0
0
0.00
0
0
0.00
0
0
0.00
0
0
0.00
0
43
0.00
c
12
.00
0
¿Ó
2.00
Œﬁ
0

0

0.00

0

0

0.00

0

0

0.00

0

0

0.00

0

0

0.00

0

0

0.00

0

0

0.00

0

0

0.00

0

0

0.00

0

0

0.00

0

0

0.00

0

0

0.00

0

0

0.00

0

0

0.00

0

0

0.00

0

0

0.00

0

0

0.00

0

0

0.00

0

0

0.00

0

0

0.00

0

44
1
1.00
1
1
1
